21.67 4.00 0.34505 0.523832
21.32 3.40 0.33980 0.520004
20.94 3.00 0.33410 0.510490
20.42 2.50 0.32630 0.508060
19.85 2.00 0.31775 0.506063
19.38 1.50 0.31070 0.504505
18.91 1.20 0.30365 0.501693
18.77 1.12 0.30155 0.501527
18.65 1.00 0.29975 0.501298
18.49 0.92 0.29735 0.501160
18.43 0.88 0.29645 0.501096
18.37 0.84 0.29555 0.501034
18.30 0.80 0.29450 0.500975
18.25 0.76 0.29375 0.500919
18.17 0.72 0.29255 0.500866
18.09 0.68 0.29135 0.500815
17.97 0.64 0.28955 0.500468
17.95 0.60 0.28925 0.500424
17.77 0.56 0.28655 0.500382
17.63 0.52 0.28445 0.500343
17.58 0.50 0.28370 0.500325
17.45 0.48 0.28175 0.500307
17.21 0.44 0.27815 0.500274
16.97 0.40 0.27455 0.500244
16.72 0.38 0.27080 0.500230
16.49 0.36 0.26735 0.500217
16.18 0.34 0.26270 0.500204
15.34 0.30 0.25010 0.500106
13.76 0.25 0.22640 0.500081
10.87 0.20 0.18305 0.500061