10.9 4 0.1835 0.523832034
10.68 3.4 0.1802 0.520003846
10.56 3 0.1784 0.510489961
10.35 2.5 0.17525 0.508060036
10.14 2 0.1721 0.506063237
9.88 1.5 0.1682 0.504504708
9.72 1.2 0.1658 0.501693133
9.69 1.12 0.16535 0.501526629
9.62 1 0.1643 0.501298314
9.58 0.92 0.1637 0.501160413
9.56 0.88 0.1634 0.501095759
9.54 0.84 0.1631 0.501033971
9.52 0.8 0.1628 0.500975049
9.48 0.76 0.1622 0.500918995
9.45 0.72 0.16175 0.50086581
9.43 0.68 0.16145 0.500815495
9.4 0.64 0.161 0.500468421
9.38 0.6 0.1607 0.50042382
9.34 0.56 0.1601 0.500382094
9.32 0.52 0.1598 0.500343242
9.26 0.5 0.1589 0.500324894
9.23 0.48 0.15845 0.500307266
9.2 0.44 0.158 0.500274165
9.16 0.4 0.1574 0.50024394
9.13 0.38 0.15695 0.500229907
9.1 0.36 0.1565 0.500216593
9.04 0.34 0.1556 0.500203998
8.89 0.3 0.15335 0.500105989
8.38 0.25 0.1457 0.500081243
7.04 0.2 0.1256 0.500060996